name: blast
channels:
  - defaults
  - bioconda
  - conda-forge
dependencies:
  - _libgcc_mutex=0.1=main
  - _openmp_mutex=5.1=1_gnu
  - blast=2.16.0=h66d330f_4
  - bzip2=1.0.8=h5eee18b_6
  - c-ares=1.34.4=hb9d3cd8_0
  - ca-certificates=2025.2.25=h06a4308_0
  - curl=8.12.1=h332b0f4_0
  - entrez-direct=22.4=he881be0_0
  - krb5=1.21.3=h143b758_0
  - libcurl=8.12.1=h332b0f4_0
  - libedit=3.1.20230828=h5eee18b_0
  - libev=4.33=h7f8727e_1
  - libgcc=14.2.0=h767d61c_2
  - libgcc-ng=14.2.0=h69a702a_2
  - libgomp=14.2.0=h767d61c_2
  - libidn2=2.3.4=h5eee18b_0
  - libnghttp2=1.64.0=h161d5f1_0
  - libnsl=2.0.0=h5eee18b_0
  - libsqlite=3.49.1=hee588c1_1
  - libssh2=1.11.1=hf672d98_0
  - libstdcxx=14.2.0=h8f9b012_2
  - libstdcxx-ng=14.2.0=h4852527_2
  - libunistring=0.9.10=h27cfd23_0
  - libzlib=1.3.1=hb9d3cd8_2
  - ncbi-vdb=3.2.0=h9948957_0
  - ncurses=6.4=h6a678d5_0
  - openssl=3.4.1=h7b32b05_0
  - perl=5.32.1=0_h5eee18b_perl5
  - perl-archive-tar=2.40=pl5321hdfd78af_0
  - perl-carp=1.38=pl5321hdfd78af_4
  - perl-common-sense=3.75=pl5321hdfd78af_0
  - perl-compress-raw-bzip2=2.201=pl5321h87f3376_1
  - perl-compress-raw-zlib=2.105=pl5321h87f3376_0
  - perl-encode=3.19=pl5321hec16e2b_1
  - perl-exporter=5.72=pl5321hdfd78af_2
  - perl-exporter-tiny=1.002002=pl5321hdfd78af_0
  - perl-extutils-makemaker=7.70=pl5321hd8ed1ab_0
  - perl-io-compress=2.201=pl5321h503566f_4
  - perl-io-zlib=1.14=pl5321hdfd78af_0
  - perl-json=4.10=pl5321hdfd78af_1
  - perl-json-xs=4.03=pl5321h9948957_4
  - perl-list-moreutils=0.430=pl5321hdfd78af_0
  - perl-list-moreutils-xs=0.430=pl5321h7b50bb2_4
  - perl-parent=0.236=pl5321hdfd78af_2
  - perl-pathtools=3.75=pl5321hec16e2b_3
  - perl-scalar-list-utils=1.62=pl5321hec16e2b_1
  - perl-types-serialiser=1.01=pl5321hdfd78af_0
  - rpsbproc=0.5.0=hd6d6fdc_2
  - wget=1.21.4=hda4d442_0
  - zlib=1.3.1=hb9d3cd8_2
  - zstd=1.5.7=hb8e6e7a_1
